0.9467927416624223
0.9564113245209557
0.9509646718164851
0.9564508573400051
0.9572750504702979
0.9551066499763307
0.9565939948975263
0.956039735779167
0.9555462165619645
0.9571401235423384
0.9572159634915782
0.9574662192928671
0.9562515998486131
0.957370961503709
0.9561072017877823
0.9567718161987475
0.9571172977086125
0.9570401293688263
0.9565558348183826
0.9571931376578525
0.9553412811711289
0.9565810423399408
0.9567171833316145
0.956302907422588
0.9551433234431355
0.9579068877056188
0.9554499498248795
0.9563414721896363
0.9548939010099323
0.9569954866493015
0.954425842959907
0.9564887270580763
0.953694901082898
0.9569079521011505
0.9533324492179478
0.956674239974122
0.9523737486610129
0.9556264616385602
0.9526851583211059
0.9563134242188392
0.9518496313848465
0.9557133623907429
0.9522987982435968
0.9558137979676129
0.9524287081502724
0.955301541146056
0.9525915534543846
0.955590892997908
0.9524503224649193
0.9565875122571451
0.9519852947121081
0.9563090165468479
0.9533819819087476
0.9562515069694218
0.9526289117916251
0.9554102802316788
0.9526289117916251
0.9557133159511473
0.9499843544002678
0.9554210873890022
0.9506763579941073
0.9545864137235123
0.9514243870976692
0.9550030886784199
0.9519658156191814
0.9544991353656158
0.9515990928563913
0.9531909743070056
0.9511413984700954
0.9534049297032118
0.9515449866379017
0.9519475367762338
0.9509587622643427
0.9520651764511241
0.9506950251665893
0.9518146797273931
0.951075229225844
0.9525711532034516
0.9505535451663764
0.9533215323686636
0.9497037372819852
0.9522269321968962
0.9501126353767831
0.9511644631360273
0.9501385742083727
0.9519125626714611
0.950056303147618
0.951158800049997
0.9497324359524
0.9517203798116946
0.949842825415824
0.9509451687312819
0.9501925635553947
0.9505825999948643
0.9497019210484852
0.9505791966359282
0.9497058510560644
0.9510594050472362
0.9499288264576413
0.9490058971125106
