0.40674376487731934
0.2826426327228546
0.24586883187294006
0.21487848460674286
0.20955990254878998
0.20206323266029358
0.19404494762420654
0.1861397922039032
0.17967188358306885
0.17403632402420044
0.16956375539302826
0.16517385840415955
0.16194435954093933
0.15821613371372223
0.1558363437652588
0.15248635411262512
0.15082795917987823
0.14764989912509918
0.146554633975029
0.1434454619884491
0.14288845658302307
0.13978469371795654
0.1397034227848053
0.13647586107254028
0.13684839010238647
0.133528932929039
0.1343095302581787
0.13091567158699036
0.13192114233970642
0.12855759263038635
0.12971171736717224
0.12646059691905975
0.12767472863197327
0.12448388338088989
0.1257699579000473
0.12266101688146591
0.12402526289224625
0.12099386751651764
0.12232273072004318
0.119442880153656
0.12071293592453003
0.11803341656923294
0.11921611428260803
0.11664851754903793
0.11780724674463272
0.1153414323925972
0.11650635302066803
0.11413360387086868
0.11521467566490173
0.11298909783363342
0.11398281157016754
0.1119416356086731
0.11283627152442932
0.11088404804468155
0.11174887418746948
0.1098802387714386
0.1107536256313324
0.10894256085157394
0.10973887145519257
0.10804975777864456
0.10877658426761627
0.1072310283780098
0.10787907242774963
0.10638304799795151
0.10702499747276306
0.10558638721704483
0.1062370017170906
0.10483086854219437
0.10542447865009308
0.1041249930858612
0.10464896261692047
0.10347394645214081
0.10392725467681885
0.10278907418251038
0.10322992503643036
0.10213087499141693
0.10260088741779327
0.10153334587812424
0.10192905366420746
0.10095373541116714
0.10129784047603607
0.10042331367731094
0.10069110989570618
0.09986065328121185
0.10013384371995926
0.09932155162096024
0.09962394833564758
0.0988246500492096
0.09907489269971848
0.09834437817335129
0.09855218976736069
0.0979137122631073
0.09806755185127258
0.09743434190750122
0.09760551154613495
0.09699588268995285
0.09719192236661911
0.09658076614141464
0.09674591571092606
0.09616713970899582
